tm = [127.59
127.59
127.59
127.59
127.59
126.70
126.70
126.70
125.82
124.93
123.31
121.54
120.66
119.77
119.77
119.77
118.89
118.89
118.89
118.00
118.00
118.00
118.00
118.00
118.00
118.00
118.00
118.00
118.00
118.00
118.00
118.00
117.12
117.12
117.12
117.12
117.12
117.12
117.12
116.23
116.23
116.23
116.23
114.31
111.95
109.30
103.99
101.33
98.09
95.29
91.75
89.24
86.58
81.86
79.65
76.11
73.46
70.80
68.15
66.52
61.21
59.44
57.67
56.05
54.28
52.51
50.74
47.20
46.32
44.69
42.92
41.15
40.42
39.38
37.61
35.84
34.96
33.34
32.45
31.57
30.68
29.80
28.03
27.14
26.26
25.37
24.19
22.57
21.98
21.09
21.09
20.21
19.32
18.44];
wm = [48
51
52
55
58
55
48
108
202
280
362
521
604
684
769
846
927
1005
1170
1251
1330
1413
1493
1575
1651
1812
1895
1976
2056
2136
2216
2296
2469
2561
2654
2746
2840
2928
3019
3197
3280
3348
3419
3496
3573
3645
3794
3856
3937
4002
4078
4153
4224
4372
4449
4524
4602
4670
4757
4825
4984
5062
5149
5216
5311
5382
5456
5626
5699
5793
5868
5952
6012
6095
6187
6343
6411
6509
6568
6672
6740
6830
6981
7073
7132
7237
7405
7573
7621
7729
7788
7879
7935
8000];
